# Camera matrix (Intrinsic Parameters: focal length and optical centers): 
3321.5605 0.0000  1256.8574
0.0000  3557.8219 1960.1951
0.0000  0.0000  1.0000 

# Distortion coefficients: 
-1.2261 13.0250 0.0222  0.0060  -39.2297

# Rotation Vectors (extrinsic parameters): 
-0.8200 0.4302  0.6558 
-0.6926 0.7734  1.4011 
-1.0999 -0.2460 -0.3732
0.4279  0.8630  0.2516 
-0.6264 0.0393  -0.0087
-0.6044 0.4272  0.9615 
-1.2005 -0.3199 -0.4891
-1.1587 -0.5979 -0.8970
-1.4146 -0.0902 -0.1066
-0.7942 0.4512  0.9473 
-1.2540 -0.3107 -0.3844
-0.8507 0.5220  1.0111 
-1.2205 -0.0321 -0.0529

# Translation Vectors (extrinsic parameters): 
0.0435  0.0708  0.5858 
0.0489  0.0527  0.4893 
-0.0858 0.0927  0.4710 
0.0926  -0.0904 0.5442 
-0.0660 0.0318  0.5320 
0.0541  0.0227  0.5918 
-0.0620 0.0959  0.4451 
-0.0160 0.1123  0.4448 
-0.0748 0.0538  0.4203 
0.0384  0.0692  0.6029 
-0.0786 0.0882  0.4533 
0.0382  0.0506  0.5816 
-0.0738 0.0682  0.4435 

# Mean error (how accurate are the parameters?): 1.74192833728889